a	b	c	d	e	f	g	h	i	j	k	l	m	n	o	p	q	r
ALA__CA_	0	1	0	0	0	0	0	0	3	3	1	0.0966	0	0	0	0	0
ALA__CB_	0	1	0	0	0	0	0	0	3	1	0	-0.0381	1	0	0	0	0
ALA__C__	0	1	0	0	0	0	0	0	2	3	2	0.2337	0	0	0	0	0
ALA__H1_	0	0	0	0	0	0	0	0	1	1	1	-0.089	0	0	0	0	0
ALA__H2_	0	0	0	0	0	0	0	0	1	1	1	-0.089	0	0	0	0	0
ALA__H3_	0	0	0	0	0	0	0	0	1	1	1	-0.089	0	0	0	0	0
ALA__HA_	0	0	0	0	0	0	0	0	1	1	0	0.0592	0	0	0	0	0
ALA__HB1	0	0	0	0	0	0	0	0	1	1	0	0.0252	0	0	0	0	0
ALA__HB2	0	0	0	0	0	0	0	0	1	1	0	0.0252	0	0	0	0	0
ALA__HB3	0	0	0	0	0	0	0	0	1	1	0	0.0252	0	0	0	0	0
ALA__H__	0	0	0	0	0	0	0	0	1	1	1	0.1495	0	0	0	0	0
ALA__N__	0	0	1	0	0	0	0	0	2	2	0	-0.3027	0	0	1	1	0
ALA__OXT	0	0	0	1	0	0	0	0	2	1	0	-0.2443	0	0	1	1	0
ALA__O__	0	0	0	1	0	0	0	0	2	1	0	-0.2738	0	0	1	0	0
ARG_HH11	0	0	0	0	0	0	0	0	1	1	1	0.2545	0	0	0	0	0
ARG_HH12	0	0	0	0	0	0	0	0	1	1	1	0.2545	0	0	0	0	0
ARG_HH21	0	0	0	0	0	0	0	0	1	1	1	0.2545	0	0	0	0	0
ARG_HH22	0	0	0	0	0	0	0	0	1	1	1	0.2545	0	0	0	0	0
ARG__CA_	0	1	0	0	0	0	0	0	3	3	1	0.0995	0	0	0	0	0
ARG__CB_	0	1	0	0	0	0	0	0	3	2	0	-0.0231	1	0	0	0	0
ARG__CD_	0	1	0	0	0	0	0	0	3	2	1	0.0646	0	0	0	0	0
ARG__CG_	0	1	0	0	0	0	0	0	3	2	0	-0.0201	1	0	0	0	0
ARG__CZ_	0	1	0	0	0	0	0	0	2	3	3	0.341	0	0	0	0	0
ARG__C__	0	1	0	0	0	0	0	0	2	3	2	0.234	0	0	0	0	0
ARG__H1_	0	0	0	0	0	0	0	0	1	1	1	-0.089	0	0	0	0	0
ARG__H2_	0	0	0	0	0	0	0	0	1	1	1	-0.089	0	0	0	0	0
ARG__H3_	0	0	0	0	0	0	0	0	1	1	1	-0.089	0	0	0	0	0
ARG__HA_	0	0	0	0	0	0	0	0	1	1	0	0.0594	0	0	0	0	0
ARG__HB2	0	0	0	0	0	0	0	0	1	1	0	0.0289	0	0	0	0	0
ARG__HB3	0	0	0	0	0	0	0	0	1	1	0	0.0289	0	0	0	0	0
ARG__HD2	0	0	0	0	0	0	0	0	1	1	0	0.0655	0	0	0	0	0
ARG__HD3	0	0	0	0	0	0	0	0	1	1	0	0.0655	0	0	0	0	0
ARG__HE_	0	0	0	0	0	0	0	0	1	1	1	0.2578	0	0	0	0	0
ARG__HG2	0	0	0	0	0	0	0	0	1	1	0	0.0296	0	0	0	0	0
ARG__HG3	0	0	0	0	0	0	0	0	1	1	0	0.0296	0	0	0	0	0
ARG__H__	0	0	0	0	0	0	0	0	1	1	1	0.1495	0	0	0	0	0
ARG__NE_	0	0	1	0	0	0	0	0	2	2	0	-0.2787	0	0	1	1	0
ARG__NH1	0	0	1	0	0	0	0	0	2	1	0	-0.2919	0	0	1	1	0
ARG__NH2	0	0	1	0	0	0	0	0	2	1	0	-0.2919	0	0	1	1	0
ARG__N__	0	0	1	0	0	0	0	0	2	2	0	-0.3025	0	0	1	1	0
ARG__OXT	0	0	0	1	0	0	0	0	2	1	0	-0.2443	0	0	1	1	0
ARG__O__	0	0	0	1	0	0	0	0	2	1	0	-0.2738	0	0	1	0	0
ASN_HD21	0	0	0	0	0	0	0	0	1	1	1	0.1449	0	0	0	0	0
ASN_HD22	0	0	0	0	0	0	0	0	1	1	1	0.1449	0	0	0	0	0
ASN__CA_	0	1	0	0	0	0	0	0	3	3	1	0.1076	0	0	0	0	0
ASN__CB_	0	1	0	0	0	0	0	0	3	2	0	0.0506	1	0	0	0	0
ASN__CG_	0	1	0	0	0	0	0	0	2	3	2	0.2127	0	0	0	0	0
ASN__C__	0	1	0	0	0	0	0	0	2	3	2	0.2344	0	0	0	0	0
ASN__H1_	0	0	0	0	0	0	0	0	1	1	1	-0.0889	0	0	0	0	0
ASN__H2_	0	0	0	0	0	0	0	0	1	1	1	-0.0889	0	0	0	0	0
ASN__H3_	0	0	0	0	0	0	0	0	1	1	1	-0.0889	0	0	0	0	0
ASN__HA_	0	0	0	0	0	0	0	0	1	1	0	0.0599	0	0	0	0	0
ASN__HB2	0	0	0	0	0	0	0	0	1	1	0	0.0381	0	0	0	0	0
ASN__HB3	0	0	0	0	0	0	0	0	1	1	0	0.0381	0	0	0	0	0
ASN__H__	0	0	0	0	0	0	0	0	1	1	1	0.1495	0	0	0	0	0
ASN__ND2	0	0	1	0	0	0	0	0	2	1	0	-0.3293	0	0	1	1	0
ASN__N__	0	0	1	0	0	0	0	0	2	2	0	-0.302	0	0	1	1	0
ASN__OD1	0	0	0	1	0	0	0	0	2	1	0	-0.276	0	0	1	0	0
ASN__OXT	0	0	0	1	0	0	0	0	2	1	0	-0.2443	0	0	1	1	0
ASN__O__	0	0	0	1	0	0	0	0	2	1	0	-0.2737	0	0	1	0	0
ASP__CA_	0	1	0	0	0	0	0	0	3	3	1	0.1096	0	0	0	0	0
ASP__CB_	0	1	0	0	0	0	0	0	3	2	0	0.076	1	0	0	0	0
ASP__CG_	0	1	0	0	0	0	0	0	2	3	2	0.3582	0	0	0	0	0
ASP__C__	0	1	0	0	0	0	0	0	2	3	2	0.2345	0	0	0	0	0
ASP__H1_	0	0	0	0	0	0	0	0	1	1	1	-0.089	0	0	0	0	0
ASP__H2_	0	0	0	0	0	0	0	0	1	1	1	-0.089	0	0	0	0	0
ASP__H3_	0	0	0	0	0	0	0	0	1	1	1	-0.089	0	0	0	0	0
ASP__HA_	0	0	0	0	0	0	0	0	1	1	0	0.06	0	0	0	0	0
ASP__HB2	0	0	0	0	0	0	0	0	1	1	0	0.0402	0	0	0	0	0
ASP__HB3	0	0	0	0	0	0	0	0	1	1	0	0.0402	0	0	0	0	0
ASP__H__	0	0	0	0	0	0	0	0	1	1	1	0.1495	0	0	0	0	0
ASP__N__	0	0	1	0	0	0	0	0	2	2	0	-0.3019	0	0	1	1	0
ASP__OD1	0	0	0	1	0	0	0	0	2	1	0	-0.2463	0	0	1	1	0
ASP__OD2	0	0	0	1	0	0	0	0	2	1	0	-0.2463	0	0	1	0	0
ASP__OXT	0	0	0	1	0	0	0	0	2	1	0	-0.2443	0	0	1	0	0
ASP__O__	0	0	0	1	0	0	0	0	2	1	0	-0.2737	0	0	1	0	0
CYS__CA_	0	1	0	0	0	0	0	0	3	3	1	0.1081	0	0	0	0	0
CYS__CB_	0	1	0	0	0	0	0	0	3	2	1	0.0177	1	0	0	0	0
CYS__C__	0	1	0	0	0	0	0	0	2	3	2	0.2348	0	0	0	0	0
CYS__H1_	0	0	0	0	0	0	0	0	1	1	1	-0.0889	0	0	0	0	0
CYS__H2_	0	0	0	0	0	0	0	0	1	1	1	-0.0889	0	0	0	0	0
CYS__H3_	0	0	0	0	0	0	0	0	1	1	1	-0.0889	0	0	0	0	0
CYS__HA_	0	0	0	0	0	0	0	0	1	1	0	0.0603	0	0	0	0	0
CYS__HB2	0	0	0	0	0	0	0	0	1	1	0	0.0397	0	0	0	0	0
CYS__HB3	0	0	0	0	0	0	0	0	1	1	0	0.0397	0	0	0	0	0
CYS__HG_	0	0	0	0	0	0	0	0	1	1	1	0.1017	0	0	0	0	0
CYS__H__	0	0	0	0	0	0	0	0	1	1	1	0.1495	0	0	0	0	0
CYS__N__	0	0	1	0	0	0	0	0	2	2	0	-0.3017	0	0	1	1	0
CYS__OXT	0	0	0	1	0	0	0	0	2	1	0	-0.2442	0	0	1	1	0
CYS__O__	0	0	0	1	0	0	0	0	2	1	0	-0.2737	0	0	1	0	0
CYS__SG_	0	0	0	0	0	1	0	0	3	1	0	-0.1759	1	0	1	1	0
GLN_HE21	0	0	0	0	0	0	0	0	1	1	1	0.1449	0	0	0	0	0
GLN_HE22	0	0	0	0	0	0	0	0	1	1	1	0.1449	0	0	0	0	0
GLN__CA_	0	1	0	0	0	0	0	0	3	3	1	0.0999	0	0	0	0	0
GLN__CB_	0	1	0	0	0	0	0	0	3	2	0	-0.0177	1	0	0	0	0
GLN__CD_	0	1	0	0	0	0	0	0	2	3	2	0.2106	0	0	0	0	0
GLN__CG_	0	1	0	0	0	0	0	0	3	2	0	0.0259	1	0	0	0	0
GLN__C__	0	1	0	0	0	0	0	0	2	3	2	0.234	0	0	0	0	0
GLN__H1_	0	0	0	0	0	0	0	0	1	1	1	-0.089	0	0	0	0	0
GLN__H2_	0	0	0	0	0	0	0	0	1	1	1	-0.089	0	0	0	0	0
GLN__H3_	0	0	0	0	0	0	0	0	1	1	1	-0.089	0	0	0	0	0
GLN__HA_	0	0	0	0	0	0	0	0	1	1	0	0.0595	0	0	0	0	0
GLN__HB2	0	0	0	0	0	0	0	0	1	1	0	0.0292	0	0	0	0	0
GLN__HB3	0	0	0	0	0	0	0	0	1	1	0	0.0292	0	0	0	0	0
GLN__HG2	0	0	0	0	0	0	0	0	1	1	0	0.0359	0	0	0	0	0
GLN__HG3	0	0	0	0	0	0	0	0	1	1	0	0.0359	0	0	0	0	0
GLN__H__	0	0	0	0	0	0	0	0	1	1	1	0.1495	0	0	0	0	0
GLN__NE2	0	0	1	0	0	0	0	0	2	1	0	-0.3293	0	0	1	1	0
GLN__N__	0	0	1	0	0	0	0	0	2	2	0	-0.3025	0	0	1	1	0
GLN__OE1	0	0	0	1	0	0	0	0	2	1	0	-0.276	0	0	1	0	0
GLN__OXT	0	0	0	1	0	0	0	0	2	1	0	-0.2443	0	0	1	0	0
GLN__O__	0	0	0	1	0	0	0	0	2	1	0	-0.2738	0	0	1	0	0
GLU__CA_	0	1	0	0	0	0	0	0	3	3	1	0.0999	0	0	0	0	0
GLU__CB_	0	1	0	0	0	0	0	0	3	2	0	-0.0158	1	0	0	0	0
GLU__CD_	0	1	0	0	0	0	0	0	2	3	2	0.3561	0	0	0	0	0
GLU__CG_	0	1	0	0	0	0	0	0	3	2	0	0.0513	1	0	0	0	0
GLU__C__	0	1	0	0	0	0	0	0	2	3	2	0.234	0	0	0	0	0
GLU__H1_	0	0	0	0	0	0	0	0	1	1	1	-0.089	0	0	0	0	0
GLU__H2_	0	0	0	0	0	0	0	0	1	1	1	-0.089	0	0	0	0	0
GLU__H3_	0	0	0	0	0	0	0	0	1	1	1	-0.089	0	0	0	0	0
GLU__HA_	0	0	0	0	0	0	0	0	1	1	0	0.0595	0	0	0	0	0
GLU__HB2	0	0	0	0	0	0	0	0	1	1	0	0.0293	0	0	0	0	0
GLU__HB3	0	0	0	0	0	0	0	0	1	1	0	0.0293	0	0	0	0	0
GLU__HG2	0	0	0	0	0	0	0	0	1	1	0	0.038	0	0	0	0	0
GLU__HG3	0	0	0	0	0	0	0	0	1	1	0	0.038	0	0	0	0	0
GLU__H__	0	0	0	0	0	0	0	0	1	1	1	0.1495	0	0	0	0	0
GLU__N__	0	0	1	0	0	0	0	0	2	2	0	-0.3025	0	0	1	1	0
GLU__OE1	0	0	0	1	0	0	0	0	2	1	0	-0.2464	0	0	1	0	0
GLU__OE2	0	0	0	1	0	0	0	0	2	1	0	-0.2464	0	0	1	1	0
GLU__OXT	0	0	0	1	0	0	0	0	2	1	0	-0.2443	0	0	1	0	0
GLU__O__	0	0	0	1	0	0	0	0	2	1	0	-0.2738	0	0	1	0	0
GLY__CA_	0	1	0	0	0	0	0	0	3	2	1	0.0882	0	0	0	0	0
GLY__C__	0	1	0	0	0	0	0	0	2	3	2	0.2308	0	0	0	0	0
GLY__H1_	0	0	0	0	0	0	0	0	1	1	1	-0.0894	0	0	0	0	0
GLY__H2_	0	0	0	0	0	0	0	0	1	1	1	-0.0894	0	0	0	0	0
GLY__H3_	0	0	0	0	0	0	0	0	1	1	1	-0.0894	0	0	0	0	0
GLY__HA2	0	0	0	0	0	0	0	0	1	1	0	0.0558	0	0	0	0	0
GLY__HA3	0	0	0	0	0	0	0	0	1	1	0	0.0558	0	0	0	0	0
GLY__H__	0	0	0	0	0	0	0	0	1	1	1	0.1492	0	0	0	0	0
GLY__N__	0	0	1	0	0	0	0	0	2	2	0	-0.3052	0	0	1	1	0
GLY__OXT	0	0	0	1	0	0	0	0	2	1	0	-0.2446	0	0	1	1	0
GLY__O__	0	0	0	1	0	0	0	0	2	1	0	-0.2741	0	0	1	0	0
HIS__CA_	0	1	0	0	0	0	0	0	3	3	1	0.1046	0	0	0	0	0
HIS__CB_	0	1	0	0	0	0	0	0	3	2	0	0.0134	1	0	0	0	0
HIS__CD2	0	1	0	0	0	0	0	0	2	2	1	0.0079	0	1	0	0	1
HIS__CE1	0	1	0	0	0	0	0	0	3	2	2	0.1202	0	1	0	0	1
HIS__CG_	0	1	0	0	0	0	0	0	2	3	1	0.0212	0	1	0	0	1
HIS__C__	0	1	0	0	0	0	0	0	2	3	2	0.2343	0	0	0	0	0
HIS__H1_	0	0	0	0	0	0	0	0	1	1	1	-0.089	0	0	0	0	0
HIS__H2_	0	0	0	0	0	0	0	0	1	1	1	-0.089	0	0	0	0	0
HIS__H3_	0	0	0	0	0	0	0	0	1	1	1	-0.089	0	0	0	0	0
HIS__HA_	0	0	0	0	0	0	0	0	1	1	0	0.0598	0	0	0	0	0
HIS__HB2	0	0	0	0	0	0	0	0	1	1	0	0.0349	0	0	0	0	0
HIS__HB3	0	0	0	0	0	0	0	0	1	1	0	0.0349	0	0	0	0	0
HIS__HD1	0	0	0	0	0	0	0	0	1	1	1	0.1477	0	0	0	0	0
HIS__HD2	0	0	0	0	0	0	0	0	1	1	0	0.0794	0	0	0	0	0
HIS__HE1	0	0	0	0	0	0	0	0	1	1	0	0.0742	0	0	0	0	0
HIS__HE2	0	0	0	0	0	0	0	0	1	1	1	0.1474	0	0	0	0	0
HIS__H__	0	0	0	0	0	0	0	0	1	1	1	0.1495	0	0	0	0	0
HIS__ND1	0	0	1	0	0	0	0	0	2	2	0	-0.3255	0	1	1	1	1
HIS__NE2	0	0	1	0	0	0	0	0	2	2	0	-0.3279	0	1	1	1	1
HIS__N__	0	0	1	0	0	0	0	0	2	2	0	-0.3021	0	0	1	1	0
HIS__OXT	0	0	0	1	0	0	0	0	2	1	0	-0.2443	0	0	1	1	0
HIS__O__	0	0	0	1	0	0	0	0	2	1	0	-0.2738	0	0	1	0	0
ILE_HD11	0	0	0	0	0	0	0	0	1	1	0	0.023	0	0	0	0	0
ILE_HD12	0	0	0	0	0	0	0	0	1	1	0	0.023	0	0	0	0	0
ILE_HD13	0	0	0	0	0	0	0	0	1	1	0	0.023	0	0	0	0	0
ILE_HG12	0	0	0	0	0	0	0	0	1	1	0	0.0266	0	0	0	0	0
ILE_HG13	0	0	0	0	0	0	0	0	1	1	0	0.0266	0	0	0	0	0
ILE_HG21	0	0	0	0	0	0	0	0	1	1	0	0.0233	0	0	0	0	0
ILE_HG22	0	0	0	0	0	0	0	0	1	1	0	0.0233	0	0	0	0	0
ILE_HG23	0	0	0	0	0	0	0	0	1	1	0	0.0233	0	0	0	0	0
ILE__CA_	0	1	0	0	0	0	0	0	3	3	1	0.102	0	0	0	0	0
ILE__CB_	0	1	0	0	0	0	0	0	3	3	0	-0.0171	1	0	0	0	0
ILE__CD1	0	1	0	0	0	0	0	0	3	1	0	-0.065	1	0	0	0	0
ILE__CG1	0	1	0	0	0	0	0	0	3	2	0	-0.0512	1	0	0	0	0
ILE__CG2	0	1	0	0	0	0	0	0	3	1	0	-0.0603	1	0	0	0	0
ILE__C__	0	1	0	0	0	0	0	0	2	3	2	0.2342	0	0	0	0	0
ILE__H1_	0	0	0	0	0	0	0	0	1	1	1	-0.089	0	0	0	0	0
ILE__H2_	0	0	0	0	0	0	0	0	1	1	1	-0.089	0	0	0	0	0
ILE__H3_	0	0	0	0	0	0	0	0	1	1	1	-0.089	0	0	0	0	0
ILE__HA_	0	0	0	0	0	0	0	0	1	1	0	0.0597	0	0	0	0	0
ILE__HB_	0	0	0	0	0	0	0	0	1	1	0	0.0321	0	0	0	0	0
ILE__H__	0	0	0	0	0	0	0	0	1	1	1	0.1495	0	0	0	0	0
ILE__N__	0	0	1	0	0	0	0	0	2	2	0	-0.3022	0	0	1	1	0
ILE__OXT	0	0	0	1	0	0	0	0	2	1	0	-0.2443	0	0	1	1	0
ILE__O__	0	0	0	1	0	0	0	0	2	1	0	-0.2738	0	0	1	0	0
LEU_HD11	0	0	0	0	0	0	0	0	1	1	0	0.0232	0	0	0	0	0
LEU_HD12	0	0	0	0	0	0	0	0	1	1	0	0.0232	0	0	0	0	0
LEU_HD13	0	0	0	0	0	0	0	0	1	1	0	0.0232	0	0	0	0	0
LEU_HD21	0	0	0	0	0	0	0	0	1	1	0	0.0232	0	0	0	0	0
LEU_HD22	0	0	0	0	0	0	0	0	1	1	0	0.0232	0	0	0	0	0
LEU_HD23	0	0	0	0	0	0	0	0	1	1	0	0.0232	0	0	0	0	0
LEU__CA_	0	1	0	0	0	0	0	0	3	3	1	0.0996	0	0	0	0	0
LEU__CB_	0	1	0	0	0	0	0	0	3	2	0	-0.0236	1	0	0	0	0
LEU__CD1	0	1	0	0	0	0	0	0	3	1	0	-0.0626	1	0	0	0	0
LEU__CD2	0	1	0	0	0	0	0	0	3	1	0	-0.0626	1	0	0	0	0
LEU__CG_	0	1	0	0	0	0	0	0	3	3	0	-0.0446	1	0	0	0	0
LEU__C__	0	1	0	0	0	0	0	0	2	3	2	0.234	0	0	0	0	0
LEU__H1_	0	0	0	0	0	0	0	0	1	1	1	-0.089	0	0	0	0	0
LEU__H2_	0	0	0	0	0	0	0	0	1	1	1	-0.089	0	0	0	0	0
LEU__H3_	0	0	0	0	0	0	0	0	1	1	1	-0.089	0	0	0	0	0
LEU__HA_	0	0	0	0	0	0	0	0	1	1	0	0.0594	0	0	0	0	0
LEU__HB2	0	0	0	0	0	0	0	0	1	1	0	0.029	0	0	0	0	0
LEU__HB3	0	0	0	0	0	0	0	0	1	1	0	0.029	0	0	0	0	0
LEU__HG_	0	0	0	0	0	0	0	0	1	1	0	0.0296	0	0	0	0	0
LEU__H__	0	0	0	0	0	0	0	0	1	1	1	0.1495	0	0	0	0	0
LEU__N__	0	0	1	0	0	0	0	0	2	2	0	-0.3025	0	0	1	1	0
LEU__OXT	0	0	0	1	0	0	0	0	2	1	0	-0.2443	0	0	1	0	0
LEU__O__	0	0	0	1	0	0	0	0	2	1	0	-0.2738	0	0	1	0	0
LYS__CA_	0	1	0	0	0	0	0	0	3	3	1	0.0994	0	0	0	0	0
LYS__CB_	0	1	0	0	0	0	0	0	3	2	0	-0.026	1	0	0	0	0
LYS__CD_	0	1	0	0	0	0	0	0	3	2	0	-0.0688	1	0	0	0	0
LYS__CE_	0	1	0	0	0	0	0	0	3	2	1	-0.0963	0	0	0	0	0
LYS__CG_	0	1	0	0	0	0	0	0	3	2	0	-0.0526	1	0	0	0	0
LYS__C__	0	1	0	0	0	0	0	0	2	3	2	0.234	0	0	0	0	0
LYS__HA_	0	0	0	0	0	0	0	0	1	1	0	0.0594	0	0	0	0	0
LYS__HB2	0	0	0	0	0	0	0	0	1	1	0	0.0288	0	0	0	0	0
LYS__HB3	0	0	0	0	0	0	0	0	1	1	0	0.0288	0	0	0	0	0
LYS__HD2	0	0	0	0	0	0	0	0	1	1	0	0.0247	0	0	0	0	0
LYS__HD3	0	0	0	0	0	0	0	0	1	1	0	0.0247	0	0	0	0	0
LYS__HE2	0	0	0	0	0	0	0	0	1	1	0	0.0049	0	0	0	0	0
LYS__HE3	0	0	0	0	0	0	0	0	1	1	0	0.0049	0	0	0	0	0
LYS__HG2	0	0	0	0	0	0	0	0	1	1	0	0.0265	0	0	0	0	0
LYS__HG3	0	0	0	0	0	0	0	0	1	1	0	0.0265	0	0	0	0	0
LYS__HZ1	0	0	0	0	0	0	0	0	1	1	1	-0.0901	0	0	0	0	0
LYS__HZ2	0	0	0	0	0	0	0	0	1	1	1	-0.0901	0	0	0	0	0
LYS__HZ3	0	0	0	0	0	0	0	0	1	1	1	-0.0901	0	0	0	0	0
LYS__H__	0	0	0	0	0	0	0	0	1	1	1	0.1495	0	0	0	0	0
LYS__NZ_	0	0	1	0	0	0	0	0	3	1	0	0.3781	0	0	1	1	0
LYS__N__	0	0	1	0	0	0	0	0	2	2	0	-0.3025	0	0	1	1	0
LYS__OXT	0	0	0	1	0	0	0	0	2	1	0	-0.2443	0	0	1	1	0
LYS__O__	0	0	0	1	0	0	0	0	2	1	0	-0.2738	0	0	1	0	0
MET__CA_	0	1	0	0	0	0	0	0	3	3	1	0.1002	0	0	0	0	0
MET__CB_	0	1	0	0	0	0	0	0	3	2	0	-0.0169	1	0	0	0	0
MET__CE_	0	1	0	0	0	0	0	0	3	1	1	-0.0181	1	0	0	0	0
MET__CG_	0	1	0	0	0	0	0	0	3	2	1	-0.0044	1	0	0	0	0
MET__C__	0	1	0	0	0	0	0	0	2	3	2	0.234	0	0	0	0	0
MET__H1_	0	0	0	0	0	0	0	0	1	1	1	-0.089	0	0	0	0	0
MET__H2_	0	0	0	0	0	0	0	0	1	1	1	-0.089	0	0	0	0	0
MET__H3_	0	0	0	0	0	0	0	0	1	1	1	-0.089	0	0	0	0	0
MET__HA_	0	0	0	0	0	0	0	0	1	1	0	0.0595	0	0	0	0	0
MET__HB2	0	0	0	0	0	0	0	0	1	1	0	0.0296	0	0	0	0	0
MET__HB3	0	0	0	0	0	0	0	0	1	1	0	0.0296	0	0	0	0	0
MET__HE1	0	0	0	0	0	0	0	0	1	1	0	0.034	0	0	0	0	0
MET__HE2	0	0	0	0	0	0	0	0	1	1	0	0.034	0	0	0	0	0
MET__HE3	0	0	0	0	0	0	0	0	1	1	0	0.034	0	0	0	0	0
MET__HG2	0	0	0	0	0	0	0	0	1	1	0	0.0377	0	0	0	0	0
MET__HG3	0	0	0	0	0	0	0	0	1	1	0	0.0377	0	0	0	0	0
MET__H__	0	0	0	0	0	0	0	0	1	1	1	0.1495	0	0	0	0	0
MET__N__	0	0	1	0	0	0	0	0	2	2	0	-0.3024	0	0	1	1	0
MET__OXT	0	0	0	1	0	0	0	0	2	1	0	-0.2443	0	0	1	0	0
MET__O__	0	0	0	1	0	0	0	0	2	1	0	-0.2738	0	0	1	0	0
MET__SD_	0	0	0	0	0	1	0	0	3	2	0	-0.1641	1	0	1	0	0
PHE__CA_	0	1	0	0	0	0	0	0	3	3	1	0.1034	0	0	0	0	0
PHE__CB_	0	1	0	0	0	0	0	0	3	2	0	-0.0007	1	0	0	0	0
PHE__CD1	0	1	0	0	0	0	0	0	2	2	0	-0.0585	1	1	0	0	1
PHE__CD2	0	1	0	0	0	0	0	0	2	2	0	-0.0585	1	1	0	0	1
PHE__CE1	0	1	0	0	0	0	0	0	2	2	0	-0.0615	1	1	0	0	1
PHE__CE2	0	1	0	0	0	0	0	0	2	2	0	-0.0615	1	1	0	0	1
PHE__CG_	0	1	0	0	0	0	0	0	2	3	0	-0.0451	1	1	0	0	1
PHE__CZ_	0	1	0	0	0	0	0	0	2	2	0	-0.0617	1	1	0	0	1
PHE__C__	0	1	0	0	0	0	0	0	2	3	2	0.2343	0	0	0	0	0
PHE__H1_	0	0	0	0	0	0	0	0	1	1	1	-0.089	0	0	0	0	0
PHE__H2_	0	0	0	0	0	0	0	0	1	1	1	-0.089	0	0	0	0	0
PHE__H3_	0	0	0	0	0	0	0	0	1	1	1	-0.089	0	0	0	0	0
PHE__HA_	0	0	0	0	0	0	0	0	1	1	0	0.0598	0	0	0	0	0
PHE__HB2	0	0	0	0	0	0	0	0	1	1	0	0.0336	0	0	0	0	0
PHE__HB3	0	0	0	0	0	0	0	0	1	1	0	0.0336	0	0	0	0	0
PHE__HD1	0	0	0	0	0	0	0	0	1	1	0	0.062	0	0	0	0	0
PHE__HD2	0	0	0	0	0	0	0	0	1	1	0	0.062	0	0	0	0	0
PHE__HE1	0	0	0	0	0	0	0	0	1	1	0	0.0618	0	0	0	0	0
PHE__HE2	0	0	0	0	0	0	0	0	1	1	0	0.0618	0	0	0	0	0
PHE__HZ_	0	0	0	0	0	0	0	0	1	1	0	0.0618	0	0	0	0	0
PHE__H__	0	0	0	0	0	0	0	0	1	1	1	0.1495	0	0	0	0	0
PHE__N__	0	0	1	0	0	0	0	0	2	2	0	-0.3022	0	0	1	1	0
PHE__OXT	0	0	0	1	0	0	0	0	2	1	0	-0.2443	0	0	1	0	0
PHE__O__	0	0	0	1	0	0	0	0	2	1	0	-0.2738	0	0	1	0	0
PRO__CA_	0	1	0	0	0	0	0	0	3	3	1	0.1023	0	0	0	0	1
PRO__CB_	0	1	0	0	0	0	0	0	3	2	0	-0.0243	1	0	0	0	1
PRO__CD_	0	1	0	0	0	0	0	0	3	2	1	0.0156	0	0	0	0	1
PRO__CG_	0	1	0	0	0	0	0	0	3	2	0	-0.035	1	0	0	0	1
PRO__C__	0	1	0	0	0	0	0	0	2	3	2	0.2342	0	0	0	0	0
PRO__H2_	0	0	0	0	0	0	0	0	1	1	1	-0.0848	0	0	0	0	0
PRO__H3_	0	0	0	0	0	0	0	0	1	1	1	-0.0848	0	0	0	0	0
PRO__HA_	0	0	0	0	0	0	0	0	1	1	0	0.0597	0	0	0	0	0
PRO__HB2	0	0	0	0	0	0	0	0	1	1	0	0.0288	0	0	0	0	0
PRO__HB3	0	0	0	0	0	0	0	0	1	1	0	0.0288	0	0	0	0	0
PRO__HD2	0	0	0	0	0	0	0	0	1	1	0	0.0465	0	0	0	0	0
PRO__HD3	0	0	0	0	0	0	0	0	1	1	0	0.0465	0	0	0	0	0
PRO__HG2	0	0	0	0	0	0	0	0	1	1	0	0.0281	0	0	0	0	0
PRO__HG3	0	0	0	0	0	0	0	0	1	1	0	0.0281	0	0	0	0	0
PRO__N__	0	0	1	0	0	0	0	0	2	3	0	-0.2884	0	0	1	0	1
PRO__OXT	0	0	0	1	0	0	0	0	2	1	0	-0.2443	0	0	1	1	0
PRO__O__	0	0	0	1	0	0	0	0	2	1	0	-0.2738	0	0	1	0	0
SEC__CA_	0	1	0	0	0	0	0	0	3	3	1	0.1069	0	0	0	0	0
SEC__CB_	0	1	0	0	0	0	0	0	3	1	0	0.0246	1	0	0	0	0
SEC__C__	0	1	0	0	0	0	0	0	2	3	2	0.2346	0	0	0	0	0
SEC__HA_	0	0	0	0	0	0	0	0	1	1	0	0.0601	0	0	0	0	0
SEC__H__	0	0	0	0	0	0	0	0	1	1	1	0.1495	0	0	0	0	0
SEC__N__	0	0	1	0	0	0	0	0	2	2	0	-0.3019	0	0	1	1	0
SEC__O__	0	0	0	1	0	0	0	0	2	1	0	-0.2737	0	0	1	0	0
SER__CA_	0	1	0	0	0	0	0	0	3	3	1	0.1226	0	0	0	0	0
SER__CB_	0	1	0	0	0	0	0	0	3	2	1	0.0711	0	0	0	0	0
SER__C__	0	1	0	0	0	0	0	0	2	3	2	0.2362	0	0	0	0	0
SER__H1_	0	0	0	0	0	0	0	0	1	1	1	-0.0889	0	0	0	0	0
SER__H2_	0	0	0	0	0	0	0	0	1	1	1	-0.0889	0	0	0	0	0
SER__H3_	0	0	0	0	0	0	0	0	1	1	1	-0.0889	0	0	0	0	0
SER__HA_	0	0	0	0	0	0	0	0	1	1	0	0.0618	0	0	0	0	0
SER__HB2	0	0	0	0	0	0	0	0	1	1	0	0.058	0	0	0	0	0
SER__HB3	0	0	0	0	0	0	0	0	1	1	0	0.058	0	0	0	0	0
SER__HG_	0	0	0	0	0	0	0	0	1	1	1	0.2095	0	0	0	0	0
SER__H__	0	0	0	0	0	0	0	0	1	1	1	0.1496	0	0	0	0	0
SER__N__	0	0	1	0	0	0	0	0	2	2	0	-0.3006	0	0	1	1	0
SER__OG_	0	0	0	1	0	0	0	0	3	1	0	-0.3927	0	0	1	1	0
SER__OXT	0	0	0	1	0	0	0	0	2	1	0	-0.2442	0	0	1	1	0
SER__O__	0	0	0	1	0	0	0	0	2	1	0	-0.2737	0	0	1	0	0
THR_HG21	0	0	0	0	0	0	0	0	1	1	0	0.0255	0	0	0	0	0
THR_HG22	0	0	0	0	0	0	0	0	1	1	0	0.0255	0	0	0	0	0
THR_HG23	0	0	0	0	0	0	0	0	1	1	0	0.0255	0	0	0	0	0
THR__CA_	0	1	0	0	0	0	0	0	3	3	1	0.1252	0	0	0	0	0
THR__CB_	0	1	0	0	0	0	0	0	3	3	1	0.0792	0	0	0	0	0
THR__CG2	0	1	0	0	0	0	0	0	3	1	0	-0.0367	1	0	0	0	0
THR__C__	0	1	0	0	0	0	0	0	2	3	2	0.2365	0	0	0	0	0
THR__H1_	0	0	0	0	0	0	0	0	1	1	1	-0.0888	0	0	0	0	0
THR__H2_	0	0	0	0	0	0	0	0	1	1	1	-0.0888	0	0	0	0	0
THR__H3_	0	0	0	0	0	0	0	0	1	1	1	-0.0888	0	0	0	0	0
THR__HA_	0	0	0	0	0	0	0	0	1	1	0	0.0621	0	0	0	0	0
THR__HB_	0	0	0	0	0	0	0	0	1	1	0	0.0614	0	0	0	0	0
THR__HG1	0	0	0	0	0	0	0	0	1	1	1	0.2099	0	0	0	0	0
THR__H__	0	0	0	0	0	0	0	0	1	1	1	0.1496	0	0	0	0	0
THR__N__	0	0	1	0	0	0	0	0	2	2	0	-0.3003	0	0	1	1	0
THR__OG1	0	0	0	1	0	0	0	0	3	1	0	-0.3897	0	0	1	1	0
THR__OXT	0	0	0	1	0	0	0	0	2	1	0	-0.2442	0	0	1	0	0
THR__O__	0	0	0	1	0	0	0	0	2	1	0	-0.2737	0	0	1	0	0
TRP__CA_	0	1	0	0	0	0	0	0	3	3	1	0.1034	0	0	0	0	0
TRP__CB_	0	1	0	0	0	0	0	0	3	2	0	0.0013	1	0	0	0	0
TRP__CD1	0	1	0	0	0	0	0	0	2	2	1	0.006	0	1	0	0	1
TRP__CD2	0	1	0	0	0	0	0	0	2	3	0	0.0029	1	1	0	0	1
TRP__CE2	0	1	0	0	0	0	0	0	2	3	1	0.0467	0	1	0	0	1
TRP__CE3	0	1	0	0	0	0	0	0	2	2	0	-0.0523	1	1	0	0	1
TRP__CG_	0	1	0	0	0	0	0	0	2	3	0	-0.0201	1	1	0	0	1
TRP__CH2	0	1	0	0	0	0	0	0	2	2	0	-0.0598	1	1	0	0	1
TRP__CZ2	0	1	0	0	0	0	0	0	2	2	0	-0.0378	1	1	0	0	1
TRP__CZ3	0	1	0	0	0	0	0	0	2	2	0	-0.0611	1	1	0	0	1
TRP__C__	0	1	0	0	0	0	0	0	2	3	2	0.2343	0	0	0	0	0
TRP__HA_	0	0	0	0	0	0	0	0	1	1	0	0.0598	0	0	0	0	0
TRP__HB2	0	0	0	0	0	0	0	0	1	1	0	0.0337	0	0	0	0	0
TRP__HB3	0	0	0	0	0	0	0	0	1	1	0	0.0337	0	0	0	0	0
TRP__HD1	0	0	0	0	0	0	0	0	1	1	0	0.081	0	0	0	0	0
TRP__HE1	0	0	0	0	0	0	0	0	1	1	1	0.1653	0	0	0	0	0
TRP__HE3	0	0	0	0	0	0	0	0	1	1	0	0.0624	0	0	0	0	0
TRP__HH2	0	0	0	0	0	0	0	0	1	1	0	0.0618	0	0	0	0	0
TRP__HZ2	0	0	0	0	0	0	0	0	1	1	0	0.0638	0	0	0	0	0
TRP__HZ3	0	0	0	0	0	0	0	0	1	1	0	0.0618	0	0	0	0	0
TRP__H__	0	0	0	0	0	0	0	0	1	1	1	0.1495	0	0	0	0	0
TRP__NE1	0	0	1	0	0	0	0	0	2	2	0	-0.3604	0	1	0	1	1
TRP__N__	0	0	1	0	0	0	0	0	2	2	0	-0.3022	0	0	1	1	0
TRP__OXT	0	0	0	1	0	0	0	0	2	1	0	-0.2443	0	0	1	1	0
TRP__O__	0	0	0	1	0	0	0	0	2	1	0	-0.2738	0	0	1	0	0
TYR__CA_	0	1	0	0	0	0	0	0	3	3	1	0.1034	0	0	0	0	0
TYR__CB_	0	1	0	0	0	0	0	0	3	2	0	-0.0007	1	0	0	0	0
TYR__CD1	0	1	0	0	0	0	0	0	2	2	0	-0.0551	1	1	0	0	1
TYR__CD2	0	1	0	0	0	0	0	0	2	2	0	-0.0551	1	1	0	0	1
TYR__CE1	0	1	0	0	0	0	0	0	2	2	0	-0.0199	1	1	0	0	1
TYR__CE2	0	1	0	0	0	0	0	0	2	2	0	-0.0199	1	1	0	0	1
TYR__CG_	0	1	0	0	0	0	0	0	2	3	0	-0.0449	1	1	0	0	1
TYR__CZ_	0	1	0	0	0	0	0	0	2	3	1	0.1169	0	1	0	0	1
TYR__C__	0	1	0	0	0	0	0	0	2	3	2	0.2343	0	0	0	0	0
TYR__H1_	0	0	0	0	0	0	0	0	1	1	1	-0.089	0	0	0	0	0
TYR__H2_	0	0	0	0	0	0	0	0	1	1	1	-0.089	0	0	0	0	0
TYR__H3_	0	0	0	0	0	0	0	0	1	1	1	-0.089	0	0	0	0	0
TYR__HA_	0	0	0	0	0	0	0	0	1	1	0	0.0598	0	0	0	0	0
TYR__HB2	0	0	0	0	0	0	0	0	1	1	0	0.0336	0	0	0	0	0
TYR__HB3	0	0	0	0	0	0	0	0	1	1	0	0.0336	0	0	0	0	0
TYR__HD1	0	0	0	0	0	0	0	0	1	1	0	0.0621	0	0	0	0	0
TYR__HD2	0	0	0	0	0	0	0	0	1	1	0	0.0621	0	0	0	0	0
TYR__HE1	0	0	0	0	0	0	0	0	1	1	0	0.0654	0	0	0	0	0
TYR__HE2	0	0	0	0	0	0	0	0	1	1	0	0.0654	0	0	0	0	0
TYR__HH_	0	0	0	0	0	0	0	0	1	1	1	0.2921	0	0	0	0	0
TYR__H__	0	0	0	0	0	0	0	0	1	1	1	0.1495	0	0	0	0	0
TYR__N__	0	0	1	0	0	0	0	0	2	2	0	-0.3022	0	0	1	1	0
TYR__OH_	0	0	0	1	0	0	0	0	2	1	0	-0.5068	0	0	1	1	0
TYR__OXT	0	0	0	1	0	0	0	0	2	1	0	-0.2443	0	0	1	1	0
TYR__O__	0	0	0	1	0	0	0	0	2	1	0	-0.2738	0	0	1	0	0
VAL_HG11	0	0	0	0	0	0	0	0	1	1	0	0.0233	0	0	0	0	0
VAL_HG12	0	0	0	0	0	0	0	0	1	1	0	0.0233	0	0	0	0	0
VAL_HG13	0	0	0	0	0	0	0	0	1	1	0	0.0233	0	0	0	0	0
VAL_HG21	0	0	0	0	0	0	0	0	1	1	0	0.0233	0	0	0	0	0
VAL_HG22	0	0	0	0	0	0	0	0	1	1	0	0.0233	0	0	0	0	0
VAL_HG23	0	0	0	0	0	0	0	0	1	1	0	0.0233	0	0	0	0	0
VAL__CA_	0	1	0	0	0	0	0	0	3	3	1	0.1017	0	0	0	0	0
VAL__CB_	0	1	0	0	0	0	0	0	3	3	0	-0.0197	1	0	0	0	0
VAL__CG1	0	1	0	0	0	0	0	0	3	1	0	-0.0605	1	0	0	0	0
VAL__CG2	0	1	0	0	0	0	0	0	3	1	0	-0.0605	1	0	0	0	0
VAL__C__	0	1	0	0	0	0	0	0	2	3	2	0.2342	0	0	0	0	0
VAL__H1_	0	0	0	0	0	0	0	0	1	1	1	-0.089	0	0	0	0	0
VAL__H2_	0	0	0	0	0	0	0	0	1	1	1	-0.089	0	0	0	0	0
VAL__H3_	0	0	0	0	0	0	0	0	1	1	1	-0.089	0	0	0	0	0
VAL__HA_	0	0	0	0	0	0	0	0	1	1	0	0.0597	0	0	0	0	0
VAL__HB_	0	0	0	0	0	0	0	0	1	1	0	0.0318	0	0	0	0	0
VAL__H__	0	0	0	0	0	0	0	0	1	1	1	0.1495	0	0	0	0	0
VAL__N__	0	0	1	0	0	0	0	0	2	2	0	-0.3022	0	0	1	1	0
VAL__OXT	0	0	0	1	0	0	0	0	2	1	0	-0.2443	0	0	1	1	0
VAL__O__	0	0	0	1	0	0	0	0	2	1	0	-0.2738	0	0	1	0	0
ACE__C__	0	0	0	1	0	0	0	0	2	1	0	-0.2759	0	0	1	0	0
ACE__CH3	0	1	0	0	0	0	0	0	2	3	2	0.2103	0	0	0	0	0
ACE__O__	0	0	0	0	0	0	0	0	1	1	0	0.0268	0	0	0	0	0
ALB__C__	0	1	0	0	0	0	0	0	2	3	2	0.2424	0	0	0	0	0
ALB__CA_	0	1	0	0	0	0	0	0	3	3	1	0.1711	0	0	0	0	0
ALB__CB_	0	1	0	0	0	0	0	0	3	1	0	0.0333	1	0	0	0	0
ALB__N__	0	0	1	0	0	0	0	0	2	2	0	-0.197	0	0	1	1	0
ALB__O__	0	0	0	1	0	0	0	0	2	1	0	-0.2733	0	0	1	0	0
ASH__C__	0	1	0	0	0	0	0	0	2	3	2	0.243	0	0	0	0	0
ASH__CA_	0	1	0	0	0	0	0	0	3	3	1	0.1823	0	0	0	0	0
ASH__CB_	0	1	0	0	0	0	0	0	3	2	0	0.145	1	0	0	0	0
ASH__CG_	0	1	0	0	0	0	0	0	2	3	2	0.3671	0	0	0	0	0
ASH__N__	0	0	1	0	0	0	0	0	2	2	0	-0.1961	0	0	1	1	0
ASH__O__	0	0	0	1	0	0	0	0	2	1	0	-0.2732	0	0	1	0	0
ASH__OD1	0	0	0	1	0	0	0	0	2	1	0	-0.2456	0	0	1	0	0
ASH__OD2	0	0	0	1	0	0	0	0	2	1	0	-0.2456	0	0	1	0	0
ASM__C__	0	1	0	0	0	0	0	0	2	3	2	0.2345	0	0	0	0	0
ASM__CA_	0	1	0	0	0	0	0	0	3	3	1	0.1077	0	0	0	0	0
ASM__CB_	0	1	0	0	0	0	0	0	3	2	0	0.0541	1	0	0	0	0
ASM__CG_	0	1	0	0	0	0	0	0	2	3	2	0.2542	0	0	0	0	0
ASM__N__	0	0	1	0	0	0	0	0	2	2	0	-0.302	0	0	1	1	0
ASM__ND2	0	0	1	0	0	0	0	0	2	1	0	-0.0884	0	0	1	1	0
ASM__O__	0	0	0	1	0	0	0	0	2	1	0	-0.2737	0	0	1	0	0
ASM__OD1	0	0	0	1	0	0	0	0	2	1	0	-0.2723	0	0	1	0	0
ASQ__C__	0	1	0	0	0	0	0	0	2	3	2	0.2365	0	0	0	0	0
ASQ__CA_	0	1	0	0	0	0	0	0	3	3	1	0.1314	0	0	0	0	0
ASQ__CB_	0	1	0	0	0	0	0	0	3	2	0	0.0779	1	0	0	0	0
ASQ__CG_	0	1	0	0	0	0	0	0	2	3	2	0.3583	0	0	0	0	0
ASQ__N__	0	0	1	0	0	0	0	0	2	2	0	-0.203	0	0	1	1	0
ASQ__O__	0	0	0	1	0	0	0	0	2	1	0	-0.2737	0	0	1	0	0
ASQ__OD1	0	0	0	1	0	0	0	0	2	1	0	-0.2463	0	0	1	0	0
ASQ__OD2	0	0	0	1	0	0	0	0	2	1	0	-0.2463	0	0	1	1	0
ASZ__C__	0	1	0	0	0	0	0	0	2	3	2	0.2429	0	0	0	0	0
ASZ__CA_	0	1	0	0	0	0	0	0	3	3	1	0.1802	0	0	0	0	0
ASZ__CB_	0	1	0	0	0	0	0	0	3	2	0	0.1195	1	0	0	0	0
ASZ__CG_	0	1	0	0	0	0	0	0	2	3	2	0.263	0	0	0	0	0
ASZ__N__	0	0	1	0	0	0	0	0	2	2	0	-0.1959	0	0	1	1	0
ASZ__ND2	0	0	1	0	0	0	0	0	2	1	0	-0.0877	0	0	1	1	0
ASZ__O__	0	0	0	1	0	0	0	0	2	1	0	-0.2732	0	0	1	0	0
ASZ__OD1	0	0	0	1	0	0	0	0	2	1	0	-0.2716	0	0	1	0	0
CYM__C__	0	0	0	1	0	0	0	0	2	1	0	-0.2737	0	0	1	0	0
CYM__CA_	0	1	0	0	0	0	0	0	2	3	2	0.2348	0	0	0	0	0
CYM__CB_	0	0	0	0	0	1	0	0	3	1	0	-0.0907	1	0	1	1	0
CYM__N__	0	0	1	0	0	0	0	0	2	2	0	-0.203	0	0	1	1	0
CYM__O__	0	0	0	1	0	0	0	0	2	1	0	-0.2737	0	0	1	0	0
CYM__SG_	0	0	0	0	0	0	0	0	1	1	1	0.1495	0	0	0	0	0
CYT__C__	0	1	0	0	0	0	0	0	3	2	1	0.0996	1	0	0	0	0
CYT__CA_	0	0	0	1	0	0	0	0	2	1	0	-0.2732	0	0	1	0	0
CYT__CB_	0	0	1	0	0	0	0	0	2	2	0	-0.3013	0	0	1	1	0
CYT__N__	0	1	0	0	0	0	0	0	2	3	2	0.2433	0	0	0	0	0
CYT__O__	0	0	0	0	0	1	0	0	3	1	0	-0.0797	1	0	1	1	0
CYT__SG_	0	1	0	0	0	0	0	0	3	3	1	0.1081	0	0	0	0	0
CYX__C__	0	0	0	1	0	0	0	0	2	1	0	-0.2732	0	0	1	0	0
CYX__CA_	0	1	0	0	0	0	0	0	2	3	2	0.2407	0	0	0	0	0
CYX__CB_	0	0	0	0	0	1	0	0	3	2	1	-0.0797	1	0	1	0	0
CYX__N__	0	0	1	0	0	0	0	0	2	2	0	-0.1954	0	0	1	1	0
CYX__O__	0	0	0	1	0	0	0	0	2	1	0	-0.2714	0	0	1	0	0
CYX__SG_	0	0	0	0	0	1	0	0	3	2	1	-0.0797	1	0	1	0	0
DIC__C__	0	1	0	0	0	0	0	0	2	3	2	0.2429	0	0	0	0	0
DIC__CA_	0	1	0	0	0	0	0	0	3	3	1	0.1823	0	0	0	0	0
DIC__CB_	0	1	0	0	0	0	0	0	3	2	0	0.145	1	0	0	0	0
DIC__CG_	0	1	0	0	0	0	0	0	2	3	2	0.3671	0	0	0	0	0
DIC__N__	0	0	1	0	0	0	0	0	2	2	0	-0.1961	0	0	1	1	0
DIC__O__	0	0	0	1	0	0	0	0	2	1	0	-0.2715	0	0	1	0	0
DIC__OD1	0	0	0	1	0	0	0	0	2	1	0	-0.2456	0	0	1	0	0
DIC__OD2	0	0	0	1	0	0	0	0	2	1	0	-0.2456	0	0	1	0	0
DID__C__	0	1	0	0	0	0	0	0	2	3	2	0.2429	0	0	0	0	0
DID__CA_	0	1	0	0	0	0	0	0	3	3	1	0.1823	0	0	0	0	0
DID__CB_	0	1	0	0	0	0	0	0	3	2	0	0.145	1	0	0	0	0
DID__CG_	0	1	0	0	0	0	0	0	2	3	2	0.3671	0	0	0	0	0
DID__N__	0	0	1	0	0	0	0	0	2	2	0	-0.1958	0	0	1	1	0
DID__O__	0	0	0	1	0	0	0	0	2	1	0	-0.2732	0	0	1	0	0
DID__OD1	0	0	0	1	0	0	0	0	2	1	0	-0.2456	0	0	1	0	0
DID__OD2	0	0	0	1	0	0	0	0	2	1	0	-0.2456	0	0	1	0	0
GLH__C__	0	1	0	0	0	0	0	0	2	3	2	0.234	0	0	0	0	0
GLH__CA_	0	1	0	0	0	0	0	0	3	3	1	0.0999	0	0	0	0	0
GLH__CB_	0	1	0	0	0	0	0	0	3	2	0	-0.0158	1	0	0	0	0
GLH__CD_	0	1	0	0	0	0	0	0	2	3	2	0.3561	0	0	0	0	0
GLH__CG_	0	1	0	0	0	0	0	0	3	2	0	0.0513	1	0	0	0	0
GLH__N__	0	0	1	0	0	0	0	0	2	2	0	-0.3025	0	0	1	1	0
GLH__O__	0	0	0	1	0	0	0	0	2	1	0	-0.2738	0	0	1	0	0
GLH__OE1	0	0	0	1	0	0	0	0	2	1	0	-0.2464	0	0	1	0	0
GLH__OE2	0	0	0	1	0	0	0	0	2	1	0	-0.2464	0	0	1	1	0
GLM__C__	0	1	0	0	0	0	0	0	2	3	2	0.2364	0	0	0	0	0
GLM__CA_	0	1	0	0	0	0	0	0	3	3	1	0.1292	0	0	0	0	0
GLM__CB_	0	1	0	0	0	0	0	0	3	2	0	0.0366	1	0	0	0	0
GLM__CD_	0	1	0	0	0	0	0	0	2	3	2	0.3649	0	0	0	0	0
GLM__CG_	0	1	0	0	0	0	0	0	3	2	0	0.1159	1	0	0	0	0
GLM__N__	0	0	1	0	0	0	0	0	2	2	0	-0.2029	0	0	1	1	0
GLM__O__	0	0	0	1	0	0	0	0	2	1	0	-0.2737	0	0	1	0	0
GLM__OE1	0	0	0	1	0	0	0	0	2	1	0	-0.2457	0	0	1	1	0
GLM__OE2	0	0	0	1	0	0	0	0	2	1	0	-0.2457	0	0	1	0	0
GLO__C__	0	1	0	0	0	0	0	0	2	3	2	0.2424	0	0	0	0	0
GLO__CA_	0	1	0	0	0	0	0	0	3	3	1	0.1715	0	0	0	0	0
GLO__CB_	0	1	0	0	0	0	0	0	3	2	0	0.0407	1	0	0	0	0
GLO__CD_	0	1	0	0	0	0	0	0	2	3	2	0.2608	0	0	0	0	0
GLO__CG_	0	1	0	0	0	0	0	0	3	2	0	0.0908	1	0	0	0	0
GLO__N__	0	0	1	0	0	0	0	0	2	2	0	-0.1968	0	0	1	1	0
GLO__NE2	0	0	1	0	0	0	0	0	2	1	0	-0.0878	0	0	1	1	0
GLO__O__	0	0	0	1	0	0	0	0	2	1	0	-0.2733	0	0	1	0	0
GLO__OE1	0	0	0	1	0	0	0	0	2	1	0	-0.2717	0	0	1	0	0
GLV__C__	0	1	0	0	0	0	0	0	3	2	0	0.0428	1	0	0	0	0
GLV__CA_	0	0	0	1	0	0	0	0	2	1	0	-0.2733	0	0	1	0	0
GLV__CB_	0	1	0	0	0	0	0	0	2	3	2	0.3649	0	0	0	0	0
GLV__CD_	0	0	0	1	0	0	0	0	2	1	0	-0.2457	0	0	1	1	0
GLV__CG_	0	0	0	1	0	0	0	0	2	1	0	-0.2457	0	0	1	0	0
GLV__N__	0	1	0	0	0	0	0	0	2	3	2	0.2424	0	0	0	0	0
GLV__O__	0	1	0	0	0	0	0	0	3	2	0	0.1163	1	0	0	0	0
GLV__OE1	0	0	1	0	0	0	0	0	2	2	0	-0.3017	0	0	1	1	0
GLV__OE2	0	1	0	0	0	0	0	0	3	3	1	0.105	0	0	0	0	0
GLZ__C__	0	1	0	0	0	0	0	0	2	3	2	0.2306	0	0	0	0	0
GLZ__CA_	0	1	0	0	0	0	0	0	3	2	1	0.0882	0	0	0	0	0
GLZ__N__	0	0	1	0	0	0	0	0	2	2	0	-0.2066	0	0	1	1	0
GLZ__O__	0	0	0	1	0	0	0	0	2	1	0	-0.274	0	0	1	0	0
HID__C__	0	0	0	1	0	0	0	0	2	1	0	-0.2732	0	0	1	0	0
HID__CA_	0	1	0	0	0	0	0	0	2	2	1	0.2291	0	0	0	0	0
HID__CB_	0	1	0	0	0	0	0	0	2	3	1	0.0818	0	1	0	0	1
HID__CD2	0	1	0	0	0	0	0	0	2	2	1	0.1154	0	1	0	0	1
HID__CE1	0	0	1	0	0	0	0	0	2	2	0	-0.2212	0	1	1	0	1
HID__CG_	0	0	1	0	0	0	0	0	2	2	0	-0.2267	0	1	0	1	1
HID__N__	0	0	1	0	0	0	0	0	2	2	0	-0.196	0	0	1	1	0
HID__ND1	0	0	1	0	0	0	0	0	2	2	0	-0.2267	0	1	0	1	1
HID__NE2	0	0	1	0	0	0	0	0	2	2	0	-0.2212	0	1	1	0	1
HID__O__	0	0	0	1	0	0	0	0	2	1	0	-0.2715	0	0	1	0	0
HIE__C__	0	0	0	1	0	0	0	0	2	1	0	-0.2715	0	0	1	0	0
HIE__CA_	0	1	0	0	0	0	0	0	2	3	2	0.2404	0	0	0	0	0
HIE__CB_	0	1	0	0	0	0	0	0	2	3	1	0.0818	0	1	0	0	1
HIE__CD2	0	1	0	0	0	0	0	0	2	2	1	0.1154	0	1	0	0	1
HIE__CE1	0	0	1	0	0	0	0	0	2	2	0	-0.2212	0	1	0	1	1
HIE__CG_	0	0	1	0	0	0	0	0	2	2	0	-0.2267	0	1	1	0	1
HIE__N__	0	0	1	0	0	0	0	0	2	2	0	-0.196	0	0	1	1	0
HIE__ND1	0	0	1	0	0	0	0	0	2	2	0	-0.2267	0	1	1	0	1
HIE__NE2	0	0	1	0	0	0	0	0	2	2	0	-0.196	0	0	1	1	0
HIE__O__	0	0	0	1	0	0	0	0	2	1	0	-0.2715	0	0	1	0	0
HIP__C__	0	0	0	1	0	0	0	0	2	1	0	-0.2737	0	0	1	0	0
HIP__CA_	0	1	0	0	0	0	0	0	2	3	2	0.2308	0	0	0	0	0
HIP__CB_	0	1	0	0	0	0	0	0	2	3	1	0.0608	0	1	0	0	1
HIP__CD2	0	1	0	0	0	0	0	0	2	2	1	0.0243	0	1	0	0	1
HIP__CE1	0	0	1	0	0	0	0	0	2	2	0	-0.3506	0	1	0	1	1
HIP__CG_	0	0	1	0	0	0	0	0	2	2	0	-0.2408	0	1	1	0	1
HIP__N__	0	0	1	0	0	0	0	0	2	2	0	-0.2032	0	0	1	1	0
HIP__ND1	0	0	1	0	0	0	0	0	2	2	0	-0.2408	0	1	1	0	1
HIP__NE2	0	0	0	0	0	0	0	0	1	1	1	0.1662	0	0	0	0	0
HIP__O__	0	0	0	1	0	0	0	0	2	1	0	-0.272	0	0	1	0	0
HIY__C__	0	1	0	0	0	0	0	0	2	3	2	0.2428	0	0	0	0	0
HIY__CA_	0	1	0	0	0	0	0	0	3	3	1	0.177	0	0	0	0	0
HIY__CB_	0	1	0	0	0	0	0	0	3	2	0	0.0785	1	0	0	0	0
HIY__CD2	0	1	0	0	0	0	0	0	2	2	1	0.1154	0	1	0	0	1
HIY__CE1	0	1	0	0	0	0	0	0	2	2	2	0.1986	0	1	0	0	1
HIY__CG_	0	1	0	0	0	0	0	0	2	3	1	0.0821	0	1	0	0	1
HIY__N__	0	0	1	0	0	0	0	0	2	2	0	-0.1964	0	0	1	1	0
HIY__ND1	0	0	1	0	0	0	0	0	2	2	0	-0.2267	0	1	1	0	1
HIY__NE2	0	0	1	0	0	0	0	0	2	2	0	-0.2212	0	1	0	1	1
HIY__O__	0	0	0	1	0	0	0	0	2	1	0	-0.2732	0	0	1	0	0
HIZ__C__	0	1	0	0	0	0	0	0	2	3	2	0.2428	0	0	0	0	0
HIZ__CA_	0	1	0	0	0	0	0	0	3	3	1	0.177	0	0	0	0	0
HIZ__CB_	0	1	0	0	0	0	0	0	3	2	0	0.0785	1	0	0	0	0
HIZ__CD2	0	1	0	0	0	0	0	0	2	2	1	0.1154	0	1	0	0	1
HIZ__CE1	0	1	0	0	0	0	0	0	2	2	2	0.1986	0	1	0	0	1
HIZ__CG_	0	1	0	0	0	0	0	0	2	3	1	0.0821	0	1	0	0	1
HIZ__N__	0	0	1	0	0	0	0	0	2	2	0	-0.1963	0	0	1	1	0
HIZ__ND1	0	0	1	0	0	0	0	0	2	2	0	-0.2267	0	1	0	1	1
HIZ__NE2	0	0	1	0	0	0	0	0	2	2	0	-0.2212	0	1	1	0	1
HIZ__O__	0	0	0	1	0	0	0	0	2	1	0	-0.2715	0	0	1	0	0
LEV__C__	0	1	0	0	0	0	0	0	2	3	2	0.2616	0	0	0	0	0
LEV__CA_	0	1	0	0	0	0	0	0	3	3	1	0.1728	0	0	0	0	0
LEV__CB_	0	1	0	0	0	0	0	0	3	2	0	0.0311	1	0	0	0	0
LEV__CD1	0	1	0	0	0	0	0	0	3	1	0	0.0001	1	0	0	0	0
LEV__CD2	0	1	0	0	0	0	0	0	3	1	0	0.0001	1	0	0	0	0
LEV__CG_	0	1	0	0	0	0	0	0	3	3	0	0.0022	1	0	0	0	0
LEV__N__	0	0	1	0	0	0	0	0	2	2	0	-0.1967	0	0	1	1	0
LEV__O__	0	0	0	1	0	0	0	0	2	1	0	-0.2715	0	0	1	0	0
LLP__C__	0	0	0	1	0	0	0	0	2	1	0	-0.2738	0	0	1	0	0
LLP__C2'	0	0	0	0	0	0	0	0	1	1	0	0.0616	0	0	0	0	0
LLP__C2_	0	1	0	0	0	0	0	0	2	3	1	0.1466	0	1	0	0	1
LLP__C3_	0	1	0	0	0	0	0	0	2	3	0	0.0426	1	1	0	0	1
LLP__C4'	0	0	0	1	0	0	0	0	2	1	0	-0.5043	0	0	1	1	0
LLP__C4_	0	1	0	0	0	0	0	0	2	2	1	0.0332	0	0	0	0	0
LLP__C5_	0	1	0	0	0	0	0	0	2	2	1	0.0341	0	1	0	0	1
LLP__C5'	0	1	0	0	0	0	0	0	2	3	0	0.0088	1	1	0	0	1
LLP__C6_	0	0	1	0	0	0	0	0	2	2	0	-0.2562	0	1	1	0	1
LLP__CA_	0	1	0	0	0	0	0	0	2	3	2	0.234	0	0	0	0	0
LLP__CB_	0	1	0	0	0	0	0	0	3	2	0	-0.0493	1	0	0	0	0
LLP__CD_	0	1	0	0	0	0	0	0	3	2	1	0.0397	0	0	0	0	0
LLP__CE_	0	0	1	0	0	0	0	0	2	2	0	-0.2909	0	0	1	0	0
LLP__CG_	0	1	0	0	0	0	0	0	3	2	0	-0.0334	1	0	0	0	0
LLP__N__	0	1	0	0	0	0	0	0	3	3	1	0.0994	0	0	0	0	0
LLP__N1_	0	1	0	0	0	0	0	0	2	3	1	0.0801	0	1	0	0	1
LLP__NZ_	0	0	0	1	0	0	0	0	2	1	1	-0.2224	0	0	1	0	0
LLP__O__	0	1	0	0	0	0	0	0	3	2	0	-0.0259	1	0	0	0	0
LLP__O3_	0	1	0	0	0	0	0	0	3	1	0	-0.0188	1	0	0	0	0
LLP__OP1	0	0	0	1	0	0	0	0	3	2	1	-0.2788	0	0	1	0	0
LLP__OP2	0	0	0	0	1	0	0	0	5	4	4	0.5322	0	0	0	0	0
LLP__OP3	0	0	0	1	0	0	0	0	3	1	1	-0.1145	0	0	1	1	0
LLP__OP4	0	1	0	0	0	0	0	0	3	2	1	0.0864	0	0	0	0	0
LLP__P__	0	0	0	1	0	0	0	0	3	1	1	-0.1145	0	0	1	1	0
MEU__C__	0	1	0	0	0	0	0	0	2	3	2	0.2366	0	0	0	0	0
MEU__CA_	0	1	0	0	0	0	0	0	3	3	1	0.1295	0	0	0	0	0
MEU__CB_	0	1	0	0	0	0	0	0	3	2	0	0.0365	1	0	0	0	0
MEU__CE_	0	1	0	0	0	0	0	0	3	1	1	0.0692	1	0	0	0	0
MEU__CG_	0	1	0	0	0	0	0	0	3	2	1	0.0595	1	0	0	0	0
MEU__N__	0	0	1	0	0	0	0	0	2	2	0	-0.2029	0	0	1	1	0
MEU__O__	0	0	0	1	0	0	0	0	2	1	0	-0.2735	0	0	1	0	0
MEU__SD_	0	0	0	0	0	1	0	0	3	2	0	-0.1393	1	0	1	0	0
NMA__CA_	0	0	1	0	0	0	0	0	3	1	0	-0.1297	0	0	1	1	0
NMA__N__	0	1	0	0	0	0	0	0	3	1	1	0.1385	0	0	0	0	0
PTR__C__	0	1	0	0	0	0	0	0	2	3	2	0.2362	0	0	0	0	0
PTR__CA_	0	1	0	0	0	0	0	0	3	3	1	0.105	0	0	0	0	0
PTR__CB_	0	1	0	0	0	0	0	0	3	2	0	-0.0006	1	0	0	0	0
PTR__CD1	0	1	0	0	0	0	0	0	2	2	0	-0.055	1	1	0	0	1
PTR__CD2	0	1	0	0	0	0	0	0	2	2	0	-0.055	1	1	0	0	1
PTR__CE1	0	1	0	0	0	0	0	0	2	2	0	-0.0191	1	1	0	0	1
PTR__CE2	0	1	0	0	0	0	0	0	2	2	0	-0.0191	1	1	0	0	1
PTR__CG_	0	1	0	0	0	0	0	0	2	3	0	-0.0449	1	1	0	0	1
PTR__CZ_	0	1	0	0	0	0	0	0	2	3	1	0.1322	0	1	0	0	1
PTR__N__	0	0	1	0	0	0	0	0	2	2	0	-0.2033	0	0	1	1	0
PTR__O__	0	0	0	1	0	0	0	0	2	1	0	-0.272	0	0	1	0	0
PTR__O1P	0	0	0	1	0	0	0	0	2	1	1	-0.2114	0	0	1	0	0
PTR__O2P	0	0	0	1	0	0	0	0	3	1	1	-0.1039	0	0	1	1	0
PTR__O3P	0	0	0	1	0	0	0	0	3	1	1	-0.1039	0	0	1	1	0
PTR__OH_	0	0	0	1	0	0	0	0	2	2	1	-0.4011	0	0	1	0	0
PTR__P__	0	0	0	0	1	0	0	0	5	4	4	0.5886	0	0	0	0	0
SEM__C__	0	1	0	0	0	0	0	0	2	3	2	0.2383	0	0	0	0	0
SEM__CA_	0	1	0	0	0	0	0	0	3	3	1	0.1473	0	0	0	0	0
SEM__CB_	0	1	0	0	0	0	0	0	3	2	1	0.1116	0	0	0	0	0
SEM__N__	0	0	1	0	0	0	0	0	2	2	0	-0.2014	0	0	1	1	0
SEM__O__	0	0	0	1	0	0	0	0	2	1	0	-0.2736	0	0	1	0	0
SEM__OG_	0	0	0	1	0	0	0	0	3	1	0	-0.2322	0	0	1	1	0
SEP__C__	0	1	0	0	0	0	0	0	2	3	2	0.2362	0	0	0	0	0
SEP__CA_	0	1	0	0	0	0	0	0	3	3	1	0.1234	0	0	0	0	0
SEP__CB_	0	1	0	0	0	0	0	0	3	2	1	0.0861	0	0	0	0	0
SEP__N__	0	0	1	0	0	0	0	0	2	2	0	-0.3005	0	0	1	1	0
SEP__O__	0	0	0	1	0	0	0	0	2	1	0	-0.2737	0	0	1	0	0
SEP__O1P	0	0	0	1	0	0	0	0	2	1	1	-0.2224	0	0	1	0	0
SEP__O2P	0	0	0	1	0	0	0	0	3	1	1	-0.1145	0	0	1	1	0
SEP__O3P	0	0	0	1	0	0	0	0	3	1	1	-0.1145	0	0	1	1	0
SEP__OG_	0	0	0	1	0	0	0	0	3	2	1	-0.2812	0	0	1	0	0
SEP__P__	0	0	0	0	1	0	0	0	5	4	4	0.532	0	0	0	0	0
TPO__C__	0	1	0	0	0	0	0	0	2	3	2	0.2365	0	0	0	0	0
TPO__CA_	0	1	0	0	0	0	0	0	3	3	1	0.126	0	0	0	0	0
TPO__CB_	0	1	0	0	0	0	0	0	3	3	1	0.0942	0	0	0	0	0
TPO__CG2	0	1	0	0	0	0	0	0	3	1	0	-0.0359	1	0	0	0	0
TPO__N__	0	0	1	0	0	0	0	0	2	2	0	-0.3003	0	0	1	1	0
TPO__O__	0	0	0	1	0	0	0	0	2	1	0	-0.2734	0	0	1	0	0
TPO__O1P	0	0	0	1	0	0	0	0	2	1	1	-0.2224	0	0	1	0	0
TPO__O2P	0	0	0	1	0	0	0	0	3	1	1	-0.1145	0	0	1	1	0
TPO__O3P	0	0	0	1	0	0	0	0	3	1	1	-0.1145	0	0	1	1	0
TPO__OG1	0	0	0	1	0	0	0	0	3	2	1	-0.2782	0	0	1	0	0
TPO__P__	0	0	0	0	1	0	0	0	5	4	4	0.5322	0	0	0	0	0
TYM__C__	0	1	0	0	0	0	0	0	2	3	2	0.2421	0	0	0	0	0
TYM__CA_	0	1	0	0	0	0	0	0	3	3	1	0.1674	0	0	0	0	0
TYM__CB_	0	1	0	0	0	0	0	0	3	2	0	0.0079	1	0	0	0	0
TYM__CD1	0	1	0	0	0	0	0	0	2	2	0	-0.0015	1	1	0	0	1
TYM__CD2	0	1	0	0	0	0	0	0	2	2	0	-0.0015	1	1	0	0	1
TYM__CE1	0	1	0	0	0	0	0	0	2	2	0	0.0417	1	1	0	0	1
TYM__CE2	0	1	0	0	0	0	0	0	2	2	0	0.0417	1	1	0	0	1
TYM__CG_	0	1	0	0	0	0	0	0	2	3	0	-0.0279	1	1	0	0	1
TYM__CZ_	0	1	0	0	0	0	0	0	2	3	1	0.1957	0	1	0	0	1
TYM__N__	0	0	1	0	0	0	0	0	2	2	0	-0.1971	0	0	1	1	0
TYM__O__	0	0	0	1	0	0	0	0	2	1	0	-0.2733	0	0	1	0	0
TYM__OH_	0	0	0	1	0	0	0	0	2	1	0	-0.2866	0	0	1	1	0
TYS__C__	0	0	0	1	0	0	0	0	2	1	0	-0.2741	0	0	1	0	0
TYS__CA_	0	1	0	0	0	0	0	0	3	2	0	-0.0039	1	0	0	0	0
TYS__CB_	0	1	0	0	0	0	0	0	2	3	0	-0.0452	1	1	0	0	1
TYS__CD1	0	1	0	0	0	0	0	0	2	2	0	-0.055	1	1	0	0	1
TYS__CD2	0	1	0	0	0	0	0	0	2	2	0	-0.0169	1	1	0	0	1
TYS__CE1	0	1	0	0	0	0	0	0	2	2	0	-0.0169	1	1	0	0	1
TYS__CE2	0	1	0	0	0	0	0	0	2	3	1	0.153	0	1	0	0	1
TYS__CG_	0	1	0	0	0	0	0	0	2	2	0	-0.055	1	1	0	0	1
TYS__CZ_	0	0	0	1	0	0	0	0	2	2	1	-0.3759	0	0	1	0	0
TYS__N__	0	1	0	0	0	0	0	0	2	3	2	0.2307	0	0	0	0	0
TYS__O__	0	1	0	0	0	0	0	0	3	3	1	0.0863	0	0	0	0	0
TYS__O1_	0	0	0	1	0	0	0	0	3	1	1	-0.2746	0	0	1	1	0
TYS__O2_	0	0	0	1	0	0	0	0	3	1	1	-0.2746	0	0	1	1	0
TYS__O3_	0	0	0	0	0	0	0	0	1	1	1	0.1189	0	0	0	0	0
TYS__OH_	0	0	0	0	0	1	0	0	3	4	4	-0.0474	1	0	0	0	0
TYS__S__	0	0	0	1	0	0	0	0	3	1	1	-0.2746	0	0	1	1	0
